10000
653202
657083
570104
602268
628430
342021
256083
845585
888883
128991
331983
781968
460741
843604
43909
500633
841867
496644
181609
151426
516235
760964
444773
308337
275130
305073
33461
948782
974420
458355
616616
627623
115439
186720
229891
743869
528742
485975
589454
417625
614967
921438
199594
75708
765042
243504
576342
606909
740149
757951
758336
256385
518916
203109
564722
794047
508183
598184
742829
482603
56540
359445
110227
171980
546165
340118
915849
74908
826093
505304
492533
441060
426742
692128
516769
191785
935633
93111
798694
675782
851063
557030
932167
369979
760140
496890
164026
268323
95075
906856
750927
151615
266301
861154
323595
812467
201272
239445
887375
27366
744749
379909
468427
171492
72038
985196
363278
7671
78307
161972
683454
929371
719003
615622
299350
479143
112512
463377
747466
207587
370234
498393
359203
636536
359547
682798
449003
560820
922243
336379
588187
666993
716288
56614
838486
788327
41811
201764
795999
120119
363737
479453
49490
82740
95075
348841
561883
207588
812219
309349
415176
182453
807743
774379
818989
167291
457178
267993
728112
379421
604372
316299
46415
320661
372914
884901
108989
414725
86666
904988
534845
450403
384441
584335
533143
479517
933177
95027
687105
745396
404376
102281
927850
212120
876661
746840
379411
333839
14833
107523
713261
619206
423823
759676
939868
796737
644578
48857
211463
731244
953845
746308
181647
338287
330644
714791
817804
263821
809818
504910
9217
214195
607192
937068
426316
483853
683908
805727
817693
698742
913251
530954
317948
337075
290630
257816
133812
935209
306674
345276
666453
260520
91584
848101
598807
422228
562893
416612
686049
372711
921522
695267
586907
528715
632335
13223
12568
316244
818951
830262
14986
732203
361216
332935
69278
651847
590752
203091
587056
897426
548367
253510
157946
639952
101611
756754
62181
664504
173366
748231
37216
94889
443498
624123
623604
75834
637347
636173
392079
456298
466436
407065
188501
827652
740000
257780
479500
330752
460872
66557
228179
9240
320067
386125
649192
421678
142880
711374
86183
316247
459605
123400
411136
903104
747523
34741
978938
384871
670915
371017
841169
137351
778083
29671
965004
518084
287452
444504
848837
748324
511061
77016
757564
831129
463142
406757
252808
606022
118131
338991
922269
577736
462391
333406
480841
209915
368148
459779
594786
39063
830797
435956
176414
608881
465627
141418
126965
753079
585923
975802
501404
96984
52819
258968
928113
515961
665726
180921
121984
783858
519913
44254
361594
982305
377661
842435
192220
745809
302215
787007
784872
133013
222963
961286
741894
688590
102705
868860
441670
688628
844663
943074
785613
897482
202043
713726
413444
867770
894648
535429
651628
414561
579683
13223
396867
957344
855659
589087
703153
157874
376094
488026
290888
599057
449312
32783
287648
552018
901643
729319
240646
746307
672394
26259
643789
874437
739986
57234
742208
634634
592663
393836
49196
172347
407059
446063
129691
262718
35151
832845
420593
411246
320871
711482
10304
770184
744265
297952
322203
645909
27272
562849
392216
699666
589109
36006
574104
329095
93241
316312
963730
685904
710149
12927
858252
117208
458991
987944
379927
494143
820789
800520
905389
141661
512003
915693
911846
256268
213646
234049
902178
240918
796898
294395
940585
386008
330401
514690
715103
423643
831002
678834
109548
541152
691762
967800
658360
150753
955744
38287
644896
776534
838808
550286
918195
350812
465979
830041
607080
679626
64090
509259
920545
860989
803654
861130
246998
134056
375821
962102
557699
206824
640936
667247
747976
332698
635048
406336
483452
590792
444624
128348
367326
283433
678634
285522
634245
144614
115563
241326
824240
179654
750586
744786
40644
554240
605916
287642
688296
981738
249744
245996
188562
890681
913244
936538
223380
548292
342875
706832
139085
787499
835181
506412
70933
513816
791934
705178
658430
907498
946505
482671
87153
697091
227457
127797
251332
833374
415440
939629
815112
665185
185625
3674
555867
98870
940213
779247
647163
283088
486079
786248
70587
321261
292660
141521
835077
84594
846700
493507
992092
793205
976179
79246
490297
203636
207043
741629
37011
622484
681258
852123
287670
866884
855798
843537
965755
796011
622784
612918
79099
108864
399167
149687
430125
691828
291208
265202
776423
137909
758710
768516
931114
734890
847762
421412
938526
54805
163041
975538
677290
844300
827661
964960
711185
683460
808497
676941
479472
431282
289860
558572
540147
689027
708260
970273
380855
999469
235476
157278
137378
994186
925794
68492
729076
773556
489905
667603
828362
652947
643141
505652
497247
470803
470613
208433
154264
279111
885375
633736
710393
175235
192308
250541
864262
900569
220814
245118
900038
456290
402397
37416
450477
328191
105908
179554
101748
595814
847157
930110
248761
490299
435763
746009
961103
906376
954442
115367
185487
839818
749104
895881
15053
941413
146422
879316
841982
367237
124434
742020
823527
526831
779436
274004
855023
885345
453558
956771
481159
300716
886882
729920
791016
322646
475929
752119
229022
430372
867486
414510
270190
616591
310392
285243
558004
456815
164560
399986
824052
288994
142006
647580
815826
921442
921584
670850
806787
375143
627621
287947
675860
514504
17867
466876
837150
493796
218995
66173
924169
86482
480684
194359
703073
791076
479603
261077
247892
644163
661063
71945
933158
803070
719525
748985
724512
641110
419835
531300
16253
47457
819247
692113
561961
837115
158989
399112
330912
377985
465285
255081
464468
945969
449440
167541
737046
929044
428619
984939
573208
89683
56884
506367
892753
776409
255352
617266
417519
675187
148566
433773
722645
967814
125887
284606
804929
284876
683719
135841
662862
149004
390923
127330
94974
840364
294871
832021
769408
723491
816960
342617
813174
873845
848984
705928
650255
104336
323194
67775
779524
471761
501548
502169
439576
627435
786776
244506
912312
470495
380348
575174
619500
771271
702505
714475
611635
997377
546496
381044
720868
363457
723661
534043
237303
572645
239971
887558
676982
563166
955333
456507
34927
456882
958677
474504
84317
745454
719010
996630
215950
99358
571805
835451
870630
274310
549926
482265
271687
96423
863310
992556
459881
586971
526599
697184
159617
766571
584742
836600
329737
540075
293108
364665
996958
251785
839169
81275
997240
558180
77906
213190
657539
649711
48641
528169
924021
598567
10435
195709
694991
873745
188265
154872
460716
714865
852056
620334
481436
436798
456934
811174
976874
750043
175839
973832
1828
15009
55108
999068
573190
133014
212259
230729
782725
260900
758898
706747
859468
769333
902456
554459
643079
90722
709332
103795
805587
561388
724130
287024
998187
181065
98198
975062
931108
274038
948895
932937
289048
4003
932005
862238
137018
144265
92967
919744
405166
851866
626491
264634
621200
528948
819094
264279
619670
528427
368075
425258
89815
92206
712282
88003
273271
810481
63065
204379
84519
11960
137316
373567
15964
69322
235805
152982
213588
328773
72726
618754
180640
699217
883389
801840
228166
702484
66120
847836
230911
434195
273095
320727
526401
985377
408730
799673
795858
471795
4053
880378
483755
141370
253945
499719
210693
489751
652702
424281
818525
725428
43035
999165
424646
926424
801005
652812
628909
867125
500649
859820
301321
773744
180547
827723
759122
589277
627397
554981
61073
631450
435359
544828
772820
689305
44548
983514
179057
697251
407795
997582
422679
450831
996747
847326
377256
797753
500138
6165
664878
788
865985
966200
774533
46533
793924
533656
635811
421321
88637
696884
52772
523997
241713
825593
213303
286262
809107
392360
983513
216903
389943
406193
667734
386690
253519
44990
184443
753658
51155
849322
754446
917141
815523
528980
963675
609447
62636
599486
30769
151274
296371
83542
675272
538084
909135
888575
824346
718243
280936
807860
935146
670879
214053
602881
57570
467572
647871
242013
221230
699027
91335
975677
616169
906859
504658
579845
516306
567294
179331
547076
718568
475702
630619
393841
13787
539755
282417
838134
257998
563353
645994
193145
234233
860047
796026
291803
327619
443898
533817
548850
142926
625152
524528
759096
532012
29186
338941
48319
596480
518273
595395
315049
993976
226015
708891
7763
765770
991308
845897
23768
554661
491891
216914
788895
351939
12941
80698
679558
456839
614515
228409
599766
239668
752937
358862
771681
782123
697803
820000
378604
216076
415396
693654
210052
641411
402545
217816
407181
393853
63713
430950
948515
555605
647864
737410
907544
660806
818109
587103
117645
432625
815512
717412
672294
568449
76274
443975
350573
774078
263975
729178
990154
679371
422832
200207
320782
825377
418023
727963
219230
481736
158914
167745
37342
806779
905156
944886
467585
723265
531989
585231
155890
347501
302643
828185
915951
378918
272160
266525
152996
536135
995703
143150
215506
418535
343357
536289
243913
761381
264253
463144
243117
423167
630889
280459
229946
536046
225346
697531
259312
757335
282762
415203
104837
585406
243388
20789
964324
515548
287314
117320
51683
283018
260471
267190
701554
603828
803479
945467
365209
67732
408611
608327
490900
39501
888787
720846
575547
114134
418378
834859
871469
701140
250063
976307
286547
493451
997096
250871
8999
284411
368191
60683
567430
628662
327873
268984
232491
131353
214451
597701
199086
623063
206029
689986
662564
94817
410832
238112
208951
829210
72972
80421
530351
323035
56728
816899
816486
53825
67770
825485
338237
435962
886169
905667
64625
214042
174652
297116
345396
389103
894818
544482
12166
100847
234468
674731
195665
645301
912843
404616
474512
985815
485037
4864
308850
541766
821763
125336
595592
889534
950822
933830
325496
836991
839497
390121
51034
14150
687238
396430
403253
582056
940913
415420
682904
175381
90151
878570
820683
2995
283186
295196
988810
768224
300060
297661
309991
121823
422998
905583
11357
373820
839414
336854
210812
678912
726975
261847
693062
414214
658278
96315
996270
599191
511736
679175
774573
601888
557745
595256
604883
840932
890452
593693
609156
190513
891355
919148
312337
314353
824732
323695
688173
664146
660549
898986
343058
387525
160833
36120
801739
819112
132436
798010
418303
644172
477185
192876
246060
34931
788133
850944
875863
678586
444638
485020
869100
335993
404168
181437
650346
228901
505132
338520
893047
165682
237506
236106
553207
398340
272226
354946
217452
404663
152956
635756
48835
630142
828633
294896
665074
616766
145840
540937
295353
590478
25958
164453
926472
430127
345891
576818
659028
851023
915338
552076
16705
152845
788182
569912
551185
60409
924859
768638
465072
77816
404395
513907
707959
233028
808804
373033
849795
954645
913971
145148
545124
939929
309602
471596
370056
655493
48414
29085
506517
963753
581161
523222
116598
369343
93135
667784
429752
17995
436423
894824
95812
840818
408732
803771
73846
217537
176805
923642
172183
90776
68791
717307
30706
378393
188904
400762
33887
237319
429847
540404
201073
11009
63627
317671
380352
156763
985456
810105
174758
421879
704930
270571
262698
113663
74343
336545
331200
251148
260187
503383
341925
328978
220691
372631
707372
409596
773394
741259
646916
203241
281664
847989
214251
345292
165660
594603
502055
151117
404708
676814
572996
109639
947385
835695
223302
21728
172240
554502
272876
432427
57886
614801
761406
278578
987433
468778
688175
760827
210038
335091
964069
491703
183080
178320
836995
348741
772924
339050
499858
177632
15865
72855
287272
963250
908550
510574
984978
80790
65077
257855
513218
122963
872657
274624
401542
860091
743403
89717
620918
953442
424808
584987
445145
607889
763308
282141
956630
536232
621192
456489
713865
637057
529344
1137
600307
437895
511711
585286
518685
576788
843142
31904
699752
715800
306529
101294
575891
49933
191011
196809
3375
615820
781797
448521
223709
545105
730662
180340
81338
351855
636829
795203
988912
166173
796340
589220
604068
308052
174507
122754
884841
17649
154658
584593
733449
461188
685888
309340
511121
876900
506150
514496
492720
287948
963018
716430
833053
693681
896770
914391
45536
533599
709595
34448
699773
505935
623669
303842
813988
798176
426596
698829
815825
581255
283423
549275
42443
969311
858616
553565
846211
364766
68062
338932
652714
31080
55363
485768
724762
952133
400160
770298
485733
109755
804747
185506
615691
428416
489348
429679
226593
915945
128509
42418
497200
411932
591694
539644
381244
450310
93209
227455
815077
161271
566388
467792
192352
621751
953560
917114
573885
353721
687412
59618
463477
492160
245125
79168
920577
734473
508848
147170
650418
637357
189589
147619
49290
781283
687263
430534
231593
780473
657990
46671
941745
224379
514463
134097
846130
468024
51211
420016
821745
738624
479634
285222
230784
724759
364391
151362
459233
873239
298532
109651
510597
488121
257271
559888
269404
944534
990422
500998
725008
648413
547669
666753
872792
62132
800850
718922
530156
852062
138938
351902
590686
618573
637125
821471
343332
1516
972833
802566
874756
271366
912217
385353
759487
169489
945241
28892
114024
935664
529890
839032
584077
77560
505785
456869
139693
306636
175792
669849
158698
314731
21752
749385
933304
658877
570857
276637
660393
543691
79203
535149
815057
991421
920503
574545
160910
865745
603438
274934
801409
133328
113966
385487
210889
619752
842356
350582
926389
18149
20432
85087
332880
42184
834473
266184
701062
405331
542822
361455
949023
622025
896605
764080
613446
817109
338626
774357
682854
942064
49292
484264
75393
163258
869751
286283
783011
712108
636865
709400
730257
657297
794488
63138
699482
628962
329322
400544
34293
872145
762000
983316
494170
658606
747397
107617
475715
86024
881975
158569
28089
931267
642833
103483
94526
512585
389766
877537
224693
26631
586938
954951
683929
381427
18089
383412
10389
347412
783956
44683
219557
545957
28000
713728
204563
775398
821346
680278
861423
703321
838848
889512
634588
481681
992995
729114
994267
382761
606651
218960
409393
193590
173912
93323
575017
192001
476735
585407
539414
260691
630091
758972
806649
658091
472700
11213
433490
294046
691491
294913
997367
530339
184426
631956
12021
177422
361070
6288
560184
967722
225249
969577
161312
399161
62900
736330
591163
539635
321737
130577
800327
951829
889550
606977
609921
362250
618190
43411
656297
309682
338325
653665
840021
522751
285621
852043
700173
646691
858332
260357
614413
83582
229935
775726
482744
292836
512056
73907
832472
833794
204485
632799
785623
94035
239777
395544
456286
857967
438955
112583
167649
777281
766248
7671
300033
51870
859715
206
698561
718047
260564
312975
801630
490500
88701
284374
783336
600757
358281
615808
434551
562767
248608
220174
656802
488385
615718
113088
346353
54674
225672
514002
831955
991921
521673
131988
43791
381388
132195
742352
99436
392760
55327
901066
883260
144029
185441
666597
744786
543722
282406
179337
106489
531015
399512
763292
19401
15231
876381
365754
69905
102053
879756
901860
93974
401430
33849
137766
782819
166044
880119
882256
558805
935447
783323
442066
79476
968764
108664
824262
512487
391070
3600
618977
922086
403113
382269
941487
418344
258650
307241
488249
360704
186998
390110
454679
588429
423959
592445
371249
590004
472564
253505
148809
408011
36829
590876
487487
5593
699540
311750
518081
90610
315351
137058
12697
718464
519327
954184
136808
777978
261426
625057
138682
448425
15168
593362
36855
439128
185808
408104
29132
658372
661610
177942
66384
698439
768818
553872
704033
468358
865623
222114
558969
180974
359172
571666
899438
878500
525851
36246
656478
787278
661304
795161
235703
676472
388523
272558
115600
574331
680663
144733
232704
342273
322676
299089
40713
91494
852962
744746
559853
718585
966860
118823
899559
326033
690490
798997
204533
216341
835244
861012
3619
496548
656173
239323
173021
44697
511882
288622
619028
192545
433355
851733
534818
756031
150822
575532
847526
3784
320278
407380
722370
287139
526203
621929
613172
216693
420927
817706
433035
256171
678718
436654
752720
334891
675978
925742
379588
187860
214364
998617
380405
647720
850350
915224
403752
1173
490756
251278
4958
811035
658658
727328
98174
184862
349258
711347
401556
770185
529054
834591
26357
207772
271246
779078
542664
947224
704820
922252
135084
919185
920870
515490
566905
771221
430715
970657
772394
921472
221936
777353
732507
880595
504681
830682
65457
853940
542030
467013
624125
71084
301605
650483
278856
572851
429561
821520
520075
134381
743773
655160
53566
664644
170651
620472
435865
601367
591129
208260
522839
813066
985613
255347
693661
490295
86029
759119
344235
628060
226133
968361
699144
527738
618844
978001
100590
48405
799522
620665
182787
543296
275826
236354
207940
446478
856826
643805
47845
447956
852066
570684
261022
837680
826031
954684
327975
912061
713804
672211
540121
939938
640573
239266
467677
259417
217267
568267
307823
16790
188933
490611
560086
464759
726965
768026
911237
583792
411831
959083
31748
263898
529767
292771
101578
355799
247455
429553
267861
961259
101765
807983
901198
742339
47249
368875
1756
264517
937142
309580
281307
126075
800192
841393
590835
527157
609419
502073
110949
21251
461156
142698
285149
990924
435469
386727
346723
682924
816281
614584
644184
918047
422568
545382
660386
469817
914258
662143
734335
851400
971724
15642
977476
771916
857036
568311
299073
466455
70384
410023
487707
531541
552721
772856
522465
988190
159584
869189
671115
975866
483774
315300
893913
906342
860683
554300
376160
774941
216443
110495
626341
188167
126137
603817
960083
983173
172128
259157
449629
242513
669181
937336
774055
221902
710193
296521
210093
869778
165710
881208
845644
649484
196508
739558
555827
57191
293858
931987
832132
510302
42482
458474
698469
168620
62291
658553
151794
234420
917711
601423
476934
586892
538760
250990
808794
248954
547511
18888
118732
713221
900096
964377
362706
96605
703936
918533
153797
997795
850521
985930
508097
893004
444405
206567
61624
506696
865120
213419
741117
782831
814842
218052
369724
353603
469042
178518
602557
16553
197407
721290
729775
97503
685668
92482
194109
389604
11016
347907
387400
861537
333838
895497
754541
778243
102064
816166
284940
967185
29585
26057
750017
844428
244110
119741
198032
713152
298260
800590
729706
495667
521880
459482
593171
207549
551965
787281
597154
562981
135188
984554
424519
469026
880052
179061
247270
982116
995227
532210
949302
24813
558268
699319
869241
802378
819061
67273
515531
117321
867863
245238
612989
389744
704720
206160
597294
256685
993441
194448
819667
128630
179003
244186
597656
59055
423247
844926
41172
418475
377137
990474
443289
935405
689794
312531
737783
508856
379805
253314
626177
247669
498553
239166
637413
203274
445327
234708
459960
438768
429157
279627
567398
608160
523814
165055
667216
947062
9982
708389
365537
387119
698864
808827
322524
388658
121358
60308
897514
501163
313623
523692
748832
812176
762859
386246
15450
208186
620954
475410
646955
50111
755038
214353
658272
278852
379409
325488
225914
389391
33877
591452
776511
732741
400279
99035
121400
521637
159344
18915
22800
472967
542608
771632
285143
305468
157879
300594
513654
778833
776005
160610
828945
531043
374964
487217
809895
754373
812706
35809
143765
846584
627262
920276
579326
27541
19312
700727
549179
178656
719643
571979
651624
262251
343612
936768
567719
501491
237362
81374
280325
13367
241985
109270
544410
616949
596488
354306
371322
409194
390116
515087
255778
17378
435364
835105
44920
454676
535832
594099
633333
255475
166079
284957
517727
509691
221725
85447
11183
459088
166822
291508
472455
408807
400779
16866
25756
997267
371173
397079
406461
761289
912167
662240
778668
347531
497346
823588
802208
33178
417687
435541
288654
583766
720499
806381
93458
942224
891828
104642
401312
58651
396150
873768
467458
796930
890635
493214
794197
261808
890293
200659
23098
802461
862900
801766
149992
360246
625354
952200
393425
43042
387742
682079
626809
108241
488461
720267
50466
380289
824910
451778
438940
221061
325547
906399
17991
216182
399613
812189
477991
289907
12848
501089
92368
875749
302856
242361
235995
928210
194562
629420
971253
582305
311500
598062
690546
799961
318330
741012
180251
143240
192791
619192
364302
518339
525591
382293
734521
925205
194482
212513
215113
207331
713602
307481
83080
16458
549843
319076
944669
744405
948496
915923
326710
259997
513986
17257
59958
832317
758270
240209
975558
951062
859402
339860
469401
384993
722153
203923
310198
916636
416436
525312
123967
130039
832793
207048
146498
382637
526124
91167
127043
474621
7091
453754
734618
521077
471011
794576
353394
229282
34786
328952
180344
894188
668813
649746
279182
390966
853669
589381
307603
270105
114693
431570
400145
947487
638619
546643
330124
164743
637811
457167
639364
644902
910922
373982
165980
381933
168559
519374
611216
203346
848327
791561
97535
517140
441307
376717
908107
294976
966098
215710
565082
80792
647281
965227
28279
285900
511871
358404
450644
149682
815572
90008
794585
726494
463991
960565
108428
632551
479939
719644
835897
328267
511205
933433
845408
952512
310150
753515
247489
276249
969226
812572
357041
616508
777800
385321
902409
289671
743725
353053
439354
559297
443062
233939
285792
907053
194504
394220
539605
674444
113864
375502
2711
625070
308935
848119
577582
619086
601635
825072
895336
570862
637644
252378
187371
415444
637699
89780
705116
381425
442833
144470
940723
885896
378409
226515
792949
572913
620735
332554
247358
734600
708057
250069
359670
16993
98189
937253
636080
699825
762326
531416
270688
399970
783794
458059
815415
421494
547839
520532
802920
990673
665002
743643
876569
43412
970159
669519
616326
590894
2074
863684
325495
710131
113753
685166
727125
211943
622419
363205
911769
384745
894621
182457
784716
678416
640516
600132
99911
188356
120664
902831
179029
785666
646474
55599
829078
616633
725118
445405
207528
727192
309089
533024
437324
422843
218190
164449
634786
840610
527655
546556
225355
422277
729013
10072
100693
369529
610204
200605
557885
730868
103436
736915
516535
749911
792514
345614
366545
517633
791019
574074
244826
100108
107098
682150
522952
325288
846600
157739
165898
374255
704295
391254
796532
433308
401326
897226
802838
11531
97831
360724
742400
201267
97639
258935
951178
890154
604549
317724
407788
395569
891798
652614
495677
998896
334764
18629
324185
181365
176368
490083
555620
880664
881338
352152
313972
282665
249378
116810
294196
347210
477534
36596
548477
575174
295532
499656
465328
900081
817380
873117
295651
709179
525731
791328
708075
860496
809958
32260
41861
986327
522344
597481
866991
403682
949634
180964
686347
199013
297775
980544
546223
775309
17140
94700
350484
312672
594357
815813
212754
411738
688930
508405
120917
214661
299734
828993
75157
109693
861253
117019
96021
383598
714500
963013
787280
664134
143978
473627
863147
441753
454171
409370
217063
471312
504071
567547
783985
98429
383360
996740
510168
72291
505146
631086
286953
804881
460079
362111
914574
321333
479130
10596
704931
193630
973610
492212
857765
117588
965839
720913
559341
420011
130284
776404
891324
634355
343952
675310
732785
727313
672050
242954
799604
177196
874040
86557
982077
334119
448668
896652
655453
927799
907249
360384
121429
880859
852596
979195
998447
818436
700108
557788
238448
830392
334193
129773
464748
678145
805083
197534
405458
477134
440488
205062
654330
314528
291620
636408
648648
740289
533061
304101
668088
440310
664486
789518
321169
517083
768713
319617
335520
468821
877405
573968
299214
211599
703742
763962
889744
508825
961496
295203
985960
401985
500266
640290
716513
791886
276699
365161
532176
809760
669263
200264
250070
333749
989783
571240
850832
758496
890857
186353
227318
768263
760321
526533
979862
464064
290496
869607
972890
251993
164810
958850
653978
665076
599141
370491
456963
875840
735653
989140
685600
404916
189405
935671
738666
179188
506911
589499
937685
397769
775852
165003
166033
536174
691537
145896
238
982033
15503
973128
234026
180314
931978
888004
845391
531119
258496
302355
406960
994149
291495
92561
399066
480900
28232
137732
660088
535144
727231
597774
932914
503083
762777
98947
39258
454315
244843
39496
436348
260347
12624
670375
440662
944603
558379
286053
475723
816876
588409
882684
811026
879904
975245
210092
360805
3477
347825
20894
538622
75057
618668
471536
578140
381446
570483
617398
835761
815327
656895
272109
75674
669520
942485
516337
614124
500864
802390
89848
317741
390800
972532
128767
270704
947777
338860
631510
951255
686685
652404
489877
761742
271073
961414
339883
652519
531898
957282
488280
347225
614177
760390
422900
283698
702875
939237
897822
203740
741628
987670
521482
132428
960202
650249
403133
907980
989109
34643
859235
675795
687048
349113
437537
958121
310527
777421
610640
842425
734703
98921
189651
348881
859312
612551
632579
562188
551789
530402
765929
293418
518072
287411
425846
478275
937661
828980
386255
926771
863623
245491
602566
550672
594604
40104
508793
905132
817525
119434
747557
552229
218356
937209
901111
77668
549760
533691
639856
101550
64093
405785
394968
582166
693197
820814
60442
630858
649795
446698
557629
513418
692190
160195
64091
286795
200300
572884
191927
17826
692319
939485
570055
910675
876694
471167
988344
426455
4859
628200
528005
68953
33986
922973
651120
727183
743788
711562
358041
393583
158261
915671
907002
850451
75867
971093
137246
276167
543978
329173
293993
236297
268658
864049
146973
145353
335216
135317
571808
340076
763518
99813
409029
797504
22787
60149
524688
766576
771712
882730
160159
929973
798401
67162
780424
874268
38255
917670
150436
582234
246844
444429
818532
515503
308478
965505
660856
643695
100823
232665
983771
864341
332478
392801
661846
355266
452950
186534
121842
224662
69265
282002
154635
867667
349164
935060
741935
387420
852731
892371
969654
99575
336801
788186
615078
645280
753692
275935
288976
854515
508600
272748
718856
841079
665549
380703
196345
118500
567237
318188
343163
636503
600190
497799
504170
949355
432859
246105
336775
285590
138477
306429
385166
475279
94616
245
120559
848308
276180
409535
702824
784781
682283
421680
625860
347833
802384
822206
466333
369621
140395
809496
6124
740585
307295
510294
689941
740154
756400
26716
25745
894878
333146
410911
370157
427762
411156
490717
276071
687337
900252
978895
472118
582536
400576
97978
930369
202960
920185
396702
572582
60580
206198
578706
801166
513494
89001
491107
253648
845402
517824
279394
740281
850970
690305
110438
278732
101462
601156
554803
788799
501408
533699
260917
83945
934275
358896
14314
137235
279081
411017
709818
339661
617216
288525
140828
130710
377526
631935
384358
222929
149759
663753
963210
730
354058
73649
279462
455520
674805
834266
244320
176214
367966
505237
260160
302241
864134
274474
439477
143215
685492
149295
482877
302708
437820
623705
433418
815347
255641
817777
38276
405401
481530
1487
406132
835588
75136
685595
291109
749942
519861
535430
926157
887827
40668
186317
190069
904802
460792
629547
48017
146284
778843
530895
448992
216663
154601
882410
32011
410243
700187
70288
815644
181717
71776
221777
17306
146913
907372
308416
896855
427233
843846
823013
315061
884514
9330
505131
789317
470122
134678
837334
616406
913522
368229
65399
130185
522831
947809
162197
933074
647996
232486
748719
829714
304262
970496
847021
451175
877868
155438
348031
305102
999285
171044
620163
883800
180374
125295
673117
650497
259974
510451
266904
173496
878681
332303
303682
401512
280112
465879
334587
928109
698366
83306
757824
2628
53802
604846
453803
931670
760284
801835
236772
759569
972879
856936
643369
153254
982232
316486
803752
242206
826938
70656
415702
705620
402959
719384
107133
683072
185264
441720
611182
883630
525026
369007
886259
578828
973853
340062
510499
734137
141898
747271
493706
114777
604208
137076
268031
586440
453562
71783
828646
280500
142440
244349
986121
545400
963734
93254
228473
148998
534974
839655
32629
60000
208663
918888
638828
182516
258951
149327
916654
400849
896599
410361
515627
500808
547437
783659
87248
999
855443
915895
281500
997883
160244
267622
543283
123978
360876
771757
272977
895850
611413
305607
955850
820076
224496
594679
2593
483447
744007
919247
884297
640607
329608
399925
141415
877045
183584
228663
878045
39027
144558
159546
36911
304802
427168
580194
428781
788044
351952
701759
683895
963365
7366
639745
783441
231862
234425
786034
715310
978432
705281
599607
619039
34890
999533
760454
911936
183117
989118
789981
222144
133676
949528
259055
438479
376697
839250
867261
164742
191203
569020
848637
154568
576386
488383
938009
808249
722808
724043
523559
701240
429325
123167
320280
464215
122700
80735
376151
305817
69853
166133
527962
203529
115662
787018
642009
492359
626269
509270
657101
817472
78291
505739
972040
654677
994122
910050
462926
716930
634093
986486
418171
63419
109653
738451
527635
232353
819186
903787
538171
889040
69920
66133
92569
185583
853152
734579
677942
479421
243850
335044
296893
322141
840784
268934
976819
834906
178984
439745
551836
813078
426231
970008
876497
535885
708460
404133
768238
527646
307920
306409
416687
377841
372543
509256
563424
225695
243836
241367
705116
487686
576412
2010
809827
417196
270945
786646
252102
449929
226392
803939
263007
652624
773947
139505
188509
482408
543639
956747
10055
851559
263157
426742
229400
635700
935998
792825
861395
179835
34192
566512
667521
610605
568523
477349
27801
839468
263995
279904
289397
490388
83843
552405
143012
857791
691911
331521
340199
235550
288269
350254
87110
551427
776996
316511
187127
712995
109336
48523
892831
143529
615036
560352
754134
183559
37701
781935
23028
301697
61839
312426
792085
145683
864831
935098
3475
556743
266620
343674
792294
554889
693929
879404
106317
470926
195915
293444
183922
305252
341968
76753
448781
957005
637106
202916
140564
674808
984852
163592
976505
46692
476018
768591
192375
340850
703689
195850
897594
970310
539525
689888
525199
233455
569293
631516
704381
765209
924961
888304
70461
266930
965058
519243
223935
602164
722160
364500
276972
707012
528093
253478
753704
4112
22069
946080
344963
725759
141930
242557
696069
681456
932446
221269
914911
501739
852786
619293
266949
777748
507597
337411
44679
472655
856655
268614
74820
578815
633115
351792
285828
161208
605271
39532
165321
627341
985612
510284
353100
127543
752841
49170
808999
685287
270440
723911
187027
123226
343204
453977
900975
850802
791388
945654
323458
648043
214269
398278
226859
847385
750071
512687
8594
355342
552220
173915
982683
537832
684199
335784
665376
437040
384955
474376
122328
655395
198287
309356
778622
541491
763333
679598
392293
554721
625252
715752
202765
839522
114030
429624
686908
864101
942311
695502
219444
494531
869417
202128
32364
553616
537912
697741
990657
922868
172117
112986
578263
370404
422343
356886
911896
185676
36484
304190
740398
661737
19942
943163
501260
133972
372788
188168
998074
315100
883670
217519
809631
753087
419647
841996
306704
957560
539737
297362
880429
711855
410348
458693
82259
832691
815579
994156
18368
852064
298346
758766
513802
318288
701930
15062
452261
74718
203231
450336
389818
86901
667856
199450
839989
87504
41447
146694
45064
581185
444056
925493
293040
854404
384186
375300
687096
199766
369456
705464
51830
667803
464231
565633
986092
166161
580695
438354
240880
783926
888690
630699
870828
556547
830149
710817
644051
871597
857511
689116
452782
301567
614610
745823
155972
998797
121124
843069
198563
490580
548534
250394
158384
12765
816027
144476
178927
396723
582830
419807
180649
471521
50507
51477
28068
880657
762295
672120
752254
619807
361236
205037
921375
975846
950860
77347
974643
71985
920417
173206
562566
468951
423601
720950
481717
239629
865426
660644
636352
448257
80452
817002
919778
130959
868480
947847
11616
630775
619967
763870
250582
981203
968908
171958
957050
919769
249305
931693
991754
169723
104900
554320
638674
528501
275270
120391
768130
140697
781036
404483
588954
861488
221485
508733
992447
89965
456581
4063
720740
76549
767934
971323
57753
736842
143281
14803
656611
392587
946496
648366
562311
51397
202686
200985
579898
477957
321377
348029
618654
102414
752512
207609
963902
973998
716343
956350
63963
172924
960413
784704
249473
728348
756028
307226
465191
899310
322029
121803
291898
268526
770169
854209
319923
972856
55195
899822
450813
376572
247852
69468
478986
365
277078
442889
974363
993421
399239
38327
166346
359653
823031
415819
88001
579059
723046
553193
478370
45076
674996
770268
313602
445166
624477
633526
418022
679672
533348
868836
56245
781201
938304
535232
781566
215382
978121
755929
208804
377361
794256
375150
737014
617288
790970
825016
196348
514016
378209
674718
559093
53205
444986
872696
498371
69463
506222
916394
749135
39571
785230
805380
820772
723535
340613
602339
938917
318734
358268
147722
696095
152525
522872
433110
769813
313842
258126
966161
827859
636335
640879
386952
689541
85866
259648
187913
155329
765871
104307
904465
805443
889537
709846
626216
613072
50459
228555
551990
369194
586823
699713
65290
739349
222585
498400
509163
536428
756526
475324
364288
392862
116204
751241
82403
202071
10890
270316
357400
776761
374623
261865
582205
264161
971711
208421
877234
22171
436976
429224
391365
23799
128937
456655
763149
351523
955055
272312
887952
711582
747637
252240
104444
863842
3481
186847
65913
14372
457163
423314
791133
831787
685179
373338
95948
656891
581759
973182
679063
18735
402407
70428
42535
531345
527084
805685
882869
482140
77997
770821
193722
825635
23062
298166
689477
26544
485014
755391
40916
942178
178705
832050
773965
863885
205388
869914
520777
787148
843096
199840
805884
245504
270268
848420
776850
797353
654105
659719
279493
732103
430541
473215
557738
453603
771382
247216
480147
256396
2607
521063
198574
181313
353113
972540
45198
558502
842454
565975
345651
685551
765815
151535
931055
36084
999956
707906
833437
654062
367625
112930
386166
798166
586146
943905
251769
357528
191121
731917
613924
193729
252981
812499
375042
606095
785039
420241
164597
627493
986216
510249
313044
752032
661785
244100
788116
661741
952006
621554
315804
319632
734485
701970
117798
320631
645875
369568
678160
836997
101486
292085
30727
354467
104584
405769
960562
889624
826011
125160
517117
812227
635409
830162
564259
297194
74263
352376
958936
26270
973931
274740
345902
708417
976711
463701
29049
622586
833269
707209
459584
934755
999295
490311
289223
103879
896081
249785
993504
722092
374945
510622
534320
10355
340784
98580
307549
415048
450957
266485
441318
424889
541226
787221
133306
517937
250922
162355
140524
84192
869565
600109
18948
868860
90420
308171
972740
986502
557957
966244
708595
932903
476866
242916
943258
817651
341497
250807
232699
792454
517293
674018
217343
58519
461240
350649
576457
712162
513005
716981
796355
382570
317090
815304
251430
407511
123475
224170
394014
681432
190414
102610
614335
667281
345526
557594
484932
687023
808401
717632
479478
325695
391651
696821
384215
852891
47471
960672
565054
560477
677653
361409
943047
994744
176713
194478
402256
300189
418648
796270
981622
609063
898880
595958
276344
244407
153552
761277
931430
961954
478909
410909
287649
870560
107730
671864
723451
155202
632536
288506
715679
310190
649915
658727
304935
826629
853205
707191
126819
271854
503461
108441
880917
402342
704400
157262
646749
857952
918539
578180
819906
397449
989089
107555
268009
96820
779420
991461
252023
411956
279968
967703
722147
929883
626430
27082
756513
479635
734273
883333
751489
237735
991774
632407
640077
696175
789669
286827
554127
708209
865007
374033
105658
854097
481589
373668
950918
261009
365130
202941
672966
645098
170644
395113
574982
797074
422196
331496
276710
156470
214829
28199
394205
206604
660607
34282
902779
450276
321110
456907
158486
186117
830940
264145
40215
312530
637814
991133
573540
2944
194074
246506
648043
364718
641620
223026
161793
63817
554522
438503
220287
769352
466703
614492
975956
127310
648775
878736
577587
969885
335643
736073
156003
166584
218
196218
479115
638032
187351
52655
640977
381426
299162
289021
746144
940782
512047
907938
4600
66569
346441
224887
835922
813144
839379
811879
940455
488155
690615
518042
458041
26259
254116
614044
192844
254334
810263
671959
892367
997614
724615
533345
379040
23777
822366
125185
964560
334413
33123
969161
400983
379565
194048
236905
192710
33428
48784
133165
521583
739400
651208
979624
765660
905324
593669
958504
159659
403932
630464
52026
401546
355080
585372
780587
378858
407738
905773
343419
742152
938897
312580
143135
318462
506628
380041
511173
540056
428826
644338
61640
168226
295547
41264
933886
200871
634933
892391
360530
38866
522856
412557
440412
877936
997929
221000
256795
405668
126773
600214
147820
65670
912794
290956
384133
419423
670997
895306
959479
99823
539645
21119
268050
835192
62384
201937
36064
697318
94328
396594
736184
617185
809152
176597
495121
807081
397597
751917
212750
524371
352131
360570
590042
264926
651527
974175
684349
322524
869482
643829
422348
409127
664949
690399
244320
727334
892336
280384
424652
986665
676979
160837
603850
486131
337434
98972
293213
735032
850889
505963
259403
203021
866534
849446
467947
518061
823621
152296
840586
693104
796126
262935
102232
461075
953334
346552
188410
845670
626937
613062
832336
303916
773899
436186
790048
111334
535159
83261
846366
386048
589225
105770
589069
455759
955216
57017
973821
778838
209314
814407
471942
5440
77342
574174
466516
30677
920727
654926
876348
547664
267989
708684
851581
41888
144870
641629
153222
680030
724891
999589
66078
314116
105359
655148
769876
60575
712165
743697
839413
921479
558104
311356
926920
635447
885531
393436
666124
806258
48363
542473
353923
316352
251157
205504
358241
396028
847134
511464
76058
572025
511053
142137
886142
616412
797285
656018
676988
509451
399715
516402
430930
957820
827758
357850
593268
713289
751287
259393
519548
799650
801866
873471
116003
53023
78975
474244
449051
926109
985708
525110
498135
496762
667247
384277
113174
464533
40296
790162
973984
440012
306565
404914
397832
134323
762765
991101
847613
514053
250494
367162
313704
52360
240633
429707
105383
319609
903952
554435
245719
889661
79546
743854
386423
746793
128132
499597
211326
168428
289760
185310
608440
596325
590225
6273
730649
352991
997374
578263
867044
247868
945425
180748
300229
186059
610456
405612
505668
514409
960048
751387
404070
39594
495242
790493
786388
623374
290091
997715
791803
579851
183026
400243
176177
773251
406517
906827
126242
403892
485091
993287
651761
430516
174036
951990
616576
784492
357603
122244
298902
317652
873632
702972
357247
368874
493465
143635
992249
783556
141351
784052
363408
324377
184296
539586
97628
590814
446413
223871
994706
931504
217158
646467
362021
391195
598458
978597
175688
956061
100842
474590
273714
974475
177562
630961
343349
671028
774597
335599
454584
915948
119651
817993
240325
303948
357579
337953
894762
803992
561825
889469
735497
778984
535936
97518
170179
134395
76115
345867
90457
176958
820457
364171
151433
998020
995132
494783
669048
769729
830382
123633
685677
950034
941626
926002
253982
299205
263956
148744
103198
825782
38213
838695
604766
574150
936213
774945
708545
12329
120813
799003
189288
941270
163174
340721
939291
158306
835504
608339
928036
665886
731972
613713
615921
673598
539716
869903
972804
803673
18648
76003
629455
56861
914698
234222
631012
850912
9168
339558
863242
129981
138561
52530
71252
301735
393251
10543
460042
228756
618882
388078
894643
350855
1792
510564
24453
541508
380467
997258
345182
399115
73261
974637
455977
987960
208859
86990
838872
218027
426548
702114
348009
565110
754645
419261
866846
147896
429804
326888
376652
48687
714967
271295
399542
716759
781860
423996
258268
162327
421255
603450
561443
494516
578087
17420
482477
786947
104410
321349
4975
530959
23464
352984
96069
778109
772246
962915
926006
202051
289804
302659
250738
4772
573955
650281
721531
355815
74278
979800
518142
495533
583250
79585
990050
161338
97006
472527
948286
201417
793877
953261
732376
817341
306246
828446
595451
78492
791361
521458
280543
81166
824117
531282
85938
398073
181563
807470
753888
255842
787270
272031
751376
370520
351617
741427
531859
448624
213955
480145
650041
7832
433406
382417
825174
739652
210863
420626
818145
2225
942084
98688
83391
766202
629970
169330
164275
811534
976800
918164
67377
764071
190195
818753
134591
541813
560180
666450
990437
774136
146596
640478
781968
580003
22896
607143
319655
233760
27770
137801
235985
969854
236489
319377
736056
866460
488708
900332
677994
465509
818496
745371
229580
8692
564125
364171
550505
124306
30622
540943
898442
177219
181422
680411
757222
204319
287554
76878
438079
315324
214679
674065
285179
451169
993443
21236
317629
482151
921568
995624
947660
740065
740996
177241
748757
305121
541413
299263
429428
572035
840207
327870
749255
21630
8281
506477
225949
295836
583355
664029
611161
798034
338094
896340
249203
331538
917576
566833
813689
839145
562457
761350
579210
303453
938591
327968
608575
480004
627232
38003
52040
467440
365874
801295
489070
374155
307773
715019
669991
891128
379049
281153
689163
717143
177493
938367
48681
95070
505200
862371
934216
67657
623722
513427
371111
562314
841395
979687
42318
468628
17691
94359
936068
383565
895655
425138
757721
203428
140158
427713
94557
519207
708866
783720
236351
886359
722087
285033
981430
227287
147405
915646
294945
771127
429073
666057
333442
270469
645745
375761
739098
663436
470120
675166
47002
365776
100305
804723
569204
240463
232436
663761
759671
941302
447482
996023
827662
169569
281056
809093
396857
428461
724739
691803
199589
153813
357860
533031
424283
3605
908792
163381
667042
378913
838547
714044
744689
938853
518768
313894
179317
751204
977656
938988
692507
425138
935011
520170
594707
216068
329263
991565
644530
54003
683368
844119
207816
41229
377151
632099
44834
285944
795480
711877
664858
634028
425922
409547
572881
944690
723442
752198
695895
701098
691187
388402
126236
626198
908573
720944
842267
237836
712509
486797
291839
395877
330917
499656
437106
708068
131756
481941
994013
927237
193819
658871
561266
619741
68419
134147
564432
791861
886346
260327
492959
577533
648730
619195
203732
557303
340139
46000
795140
52649
532797
86980
448526
863714
586637
885633
571783
718393
367575
565796
645630
561394
224667
206896
181136
293087
341044
745568
84948
227391
5896
577907
804925
654626
197103
8658
211930
537243
54658
7070
589892
587455
94051
38419
451170
680688
924052
22953
399081
291628
588749
44712
853023
813417
251609
34159
106504
592654
779727
191453
820045
785624
769360
624970
440250
966463
633628
652180
503706
688287
659251
93599
275742
753302
132018
726912
433990
56071
749866
833072
347699
338616
877784
200722
152034
129393
234882
258538
722047
14610
449992
542093
800234
219352
167063
240484
185816
800692
892665
689523
488979
551916
783122
764722
305218
915141
491635
739209
971213
241501
572281
318912
580117
450065
519635
732151
579459
754518
990690
301507
769128
440682
843601
569363
660035
10665
809847
845851
811357
702513
535375
300337
254430
318498
65059
559649
233640
556694
298858
204853
798196
871139
523766
378313
321205
43402
110465
900665
797920
101155
202173
567048
541838
45774
136412
201873
56439
946259
47725
867797
648773
583101
168134
903203
901600
233194
462852
135240
789889
761710
340093
588085
632850
863859
966399
954056
907261
76864
854722
705181
178020
56895
272230
719858
102670
408642
921732
159109
354902
969458
26907
3676
552560
195042
906879
454160
428236
369732
589400
218125
131442
929493
806210
764293
793353
772609
718350
700614
849474
573072
405796
27494
629967
678026
747353
732637
86669
669085
891747
441572
638544
918655
445248
191104
113697
352128
645264
541933
721860
234665
760058
853303
164158
566269
617596
957512
338879
335946
658126
188353
909018
63922
215847
538986
741949
963201
271624
828619
632286
163372
270191
270831
82027
715439
461936
195724
67567
107201
737657
789427
341866
497716
642731
506025
63986
260327
463537
402865
596274
121664
591219
505293
185586
807066
44280
927536
770268
315904
756155
402555
479276
26346
673386
561303
741786
135322
757028
809354
242524
494685
598782
584390
992402
241513
90416
56388
501841
553953
459254
98115
675617
50473
603409
861204
857540
647689
788740
627808
963594
544896
30363
442871
571242
703749
4175
313029
839072
761203
122383
81596
255889
721166
665987
248291
962679
756403
304680
464520
310357
763934
562636
985975
814407
166046
847179
671947
813735
635920
299756
777330
180816
330119
220201
752059
33869
224376
65088
872941
985579
187472
954538
241468
908638
620526
489760
871318
376929
794440
335839
687287
558374
898475
673262
372782
64521
520442
44730
878257
156363
344486
655587
337179
674605
875789
89239
708475
100165
154328
581417
85744
341800
535955
327213
250439
156481
816973
121757
533411
611413
457596
220698
169788
356072
893961
542571
420594
414403
587301
298852
570767
931788
954439
907947
606394
830229
997186
314869
930394
151514
896286
16138
493314
432241
343351
743754
588723
160325
865511
122135
771738
323108
342833
941527
679180
236795
484098
99774
651199
71399
398626
221966
3187
353066
129913
609581
183295
127099
924451
113689
278613
820737
129828
771928
252979
473180
515683
841703
633505
381194
963838
405244
704302
306672
346772
383483
543467
830870
483257
194666
902270
881884
416632
905458
234951
546545
515040
418247
673645
439491
531937
952259
260228
661765
724188
513208
134946
239871
354911
768452
621065
318749
173697
325368
625422
520469
708851
168889
351340
192109
363555
253610
73994
780188
159068
308945
326734
674108
727192
379
113600
259130
952638
373829
920896
676827
887037
55842
916698
241948
824295
537764
560698
997992
863132
186120
518462
571984
355010
869802
764094
718566
123412
838088
498754
282481
147034
825489
956589
874227
825869
70190
133357
778507
444019
54253
455335
331056
110096
372033
573005
934391
909797
133704
932383
772930
319825
450845
344915
674835
320647
109009
393402
444060
947098
892156
726541
94132
717646
683131
968360
543515
753321
101717
322023
197340
155971
777358
528397
266067
149391
101403
200458
59189
235108
132842
832119
554933
583688
177035
229769
904336
286045
623171
348396
233143
515328
74937
327276
232974
758069
295636
776489
511390
397354
98513
708731
553325
875871
237129
819392
25263
338532
19850
84452
573641
152693
916572
128574
736381
93608
358343
640717
379653
981515
989113
612796
496843
64051
940073
729818
822120
235710
506308
333511
633064
604821
42243
186389
480692
279373
5781
505956
617906
25632
590408
191547
178325
506981
320121
914707
600589
678465
555424
980242
659980
544538
593039
156824
608590
533112
886642
430711
768822
392950
764222
401886
997772
806466
588276
478464
85839
594058
984421
703745
619691
574829
895292
798017
81811
215414
712724
682400
893880
268149
662643
553860
812687
255683
710685
421277
788795
597328
851989
557618
990278
616212
959505
988050
422678
547782
466515
508517
141840
450936
212263
761532
25766
107556
559549
107578
322970
272274
789979
216850
540423
452622
770711
353111
708305
481397
774389
497101
78725
626378
54720
69003
242590
14225
57054
665268
562007
523570
173786
703848
974507
386050
465380
274
493606
24929
107852
816576
297203
897831
33427
837627
350454
804138
190738
58760
285535
965127
555862
364261
591506
610582
433265
834096
624808
490319
499365
186815
13890
673152
890664
988398
59202
356044
988672
552809
380974
96525
369385
678177
994357
402813
515805
344812
206952
706543
403573
492488
671671
959435
856749
263177
570018
290014
97274
194826
780333
596640
381642
794224
269792
272306
782622
328995
628350
771295
881804
9324
867820
251190
687502
862178
654003
203307
206990
860955
909851
610563
353443
581522
569998
210192
844700
140016
500206
941975
334843
280540
538615
716485
74765
808408
988791
857388
137403
617141
628683
19207
626466
496504
270397
313968
358682
924401
517276
565672
785357
427127
176236
138801
8650
746234
348993
853350
886251
849200
795326
221095
129741
333941
937580
204507
142349
926371
61895
279752
543513
690578
298960
169980
187083
569358
483948
545765
493759
1224
111438
279117
428352
287674
417918
437002
33908
766912
290353
920160
616112
85679
141256
745854
419620
78836
950361
561970
5208
12256
841723
548722
702835
140683
718702
889918
710041
202651
435683
203801
203876
547122
482919
632228
834796
900837
69230
868705
667749
359583
788865
283862
445263
930121
29716
864883
8958
980078
426853
14166
992335
268577
562889
695170
409260
281591
585089
119302
484242
20773
323104
688118
567895
806023
320347
402691
706861
389577
271396
374610
749161
60262
658472
194424
990384
688189
59308
999342
668267
486162
13509
660603
754739
576398
355773
164000
857990
940862
283302
342232
961636
606407
30351
529531
412430
350699
932223
119292
740276
203619
493902
489438
263882
152375
683863
254266
840565
743172
253609
508833
229335
267119
169436
984074
843518
525209
148075
701508
466072
431378
43741
427709
37785
74093
957240
450216
424792
889463
569508
165069
93083
63410
654507
356965
215786
338371
611231
56351
81544
864841
565184
310879
131960
734620
294954
975478
259830
443029
676987
725902
874407
720728
153611
912193
794821
110852
362409
219613
316
931917
384682
93399
995328
39190
450364
211114
377562
61596
267465
459106
926437
832649
769985
58398
567270
64940
33876
827100
507970
710863
553003
382377
431592
706615
294570
226413
817467
656980
446027
817784
588897
830709
911183
584225
869899
361547
795339
247461
423144
62805
706568
349582
895455
476554
407980
462725
541494
441857
289826
49464
152721
842829
431842
584313
549445
726413
810727
366912
383393
256754
184696
972291
87463
95880
556517
957363
457428
351856
204825
880572
414662
911393
230154
310117
387947
638135
772843
929442
79992
62669
978907
232714
905498
410750
817027
454943
137163
627754
821856
520557
884509
6553
492849
971972
102434
49366
929336
559862
401223
134161
440435
815885
45555
670590
126002
433503
308725
898846
362946
388718
961515
341853
621432
867014
752603
438459
321958
889767
66214
143815
410325
950723
150369
903174
922696
252803
952541
852032
812665
353764
986194
253101
169649
31749
923691
295652
465253
232416
194498
828199
621134
156013
170053
242566
23028
922656
681026
344986
812424
747240
488801
222750
697963
639170
125924
620660
891974
78465
472692
704640
432230
458886
957741
601879
490636
881432
897532
955890
113848
92030
784089
734983
248044
954142
977549
271072
876799
658575
616059
689224
405816
104861
911974
103780
744032
37899
724440
636006
116365
197133
340646
548595
656019
298387
150475
146656
179819
48007
102546
293668
140037
886636
28651
388082
840779
6201
659154
717579
664777
275213
406803
70593
380075
318778
174374
124107
356677
898814
760113
473043
95948
100759
21638
751967
399147
172113
898624
578966
220121
1171
872635
360158
887807
901286
748240
728587
907488
407395
446166
572265
682609
852970
642859
62684
171749
817234
186791
528427
716049
946904
1470
811997
47664
23109
563965
446811
195223
462589
25778
415344
463760
898413
775503
351568
799700
523743
80156
707188
931139
526323
279454
613748
379293
922314
676433
551043
739548
863224
79470
455598
810129
80941
267595
857793
104050
831560
304605
299273
294149
330383
714618
757910
228796
490121
109479
28497
13865
189635
735686
945004
715958
15141
558753
95252
937456
235186
646296
677004
98410
725766
132603
908540
806707
400198
766333
910758
231758
70939
210032
525907
401322
924650
283818
630119
414771
393298
658616
428636
582934
394302
373641
298892
409444
932394
394145
346900
167580
40442
23905
265991
766208
156508
174531
572916
556706
940865
483674
788464
11804
693707
314372
413127
618357
598190
43246
33129
991489
701863
461766
574423
96166
835407
873316
505610
767801
267462
852510
935382
307904
876415
201374
74112
32924
375905
647029
589630
316771
130704
378094
328575
824411
692467
741702
442768
290658
784949
475897
282147
486812
937664
856570
582978
773071
729886
88588
540873
997348
941099
476256
305252
817515
677630
379365
850439
53536
26394
440069
370307
157098
818164
698883
981509
510631
440586
424278
801290
225535
900176
83437
712347
837840
940008
295326
610911
669894
383914
151785
667243
325013
628041
972495
142528
305671
351861
992967
359208
378255
433037
729515
535354
251202
428398
516864
761833
868985
941142
563124
94520
841318
646561
806868
679158
586569
102194
290070
256464
486108
441855
923707
811122
69896
896203
953651
375568
248064
946619
734776
626320
379656
464292
161675
630858
892691
678539
392692
761676
619681
955816
856196
461000
602378
663065
140159
188947
765259
430229
445412
251368
872084
369119
62490
941981
265323
16142
317549
513388
962761
52326
139709
342418
516618
301384
973277
409309
979924
365970
170985
599605
321786
27182
60606
924165
690247
200765
113112
455507
630994
558525
706875
503079
927644
769366
445060
192968
785508
762610
706356
748269
814936
846065
90688
331555
147449
63965
740865
127373
429935
911851
726979
751722
939033
787586
675887
629281
988351
789000
84788
619346
347525
791663
122425
275169
561029
567486
468138
346538
330096
174494
94808
145033
20559
185496
476589
168009
249461
217454
295383
679397
129305
22363
431119
68339
809949
107007
697621
798301
896007
782409
417647
243532
574073
540073
518702
135103
107560
986840
481641
437657
161335
576449
582691
181894
761945
59280
349904
11407
276734
645288
690805
406040
667651
121925
474379
477601
228932
172000
275902
124940
954410
693550
368473
528484
233624
887176
663587
341184
874017
145229
778841
35352
721678
361532
217247
483624
420813
567151
495032
697548
212439
185838
103588
880091
307763
577968
357692
536696
749969
633595
661637
704380
327145
30110
232864
560769
917286
896452
901954
791304
41681
680796
826656
763360
42329
43903
246985
463142
611055
742018
160690
823495
927856
264279
703586
235620
842248
61278
772317
592218
694873
433954
296598
22019
464065
529463
582789
381352
425915
484743
172656
467596
165540
999312
230957
207869
43216
477942
671011
654271
219961
831702
477766
147817
95982
181353
383438
938230
242631
155755
530448
937505
589710
827047
959525
53775
356510
542314
435127
782425
27058
607784
250022
192598
607096
480979
400468
650313
958922
71480
304584
178883
903183
782351
326701
999165
963704
710139
937396
206336
865895
467845
143842
455605
294892
103367
509380
651403
645681
944508
433828
672740
552292
683851
865339
159389
164831
265807
809702
123753
337287
114287
302637
240470
896638
629338
239636
860343
339478
177032
66679
205373
644877
210521
660978
939770
313889
170359
591173
959571
114868
25002
632311
667160
708853
497650
826550
873684
763458
636252
997437
100746
750540
300075
341217
647178
929413
580853
507521
268891
757886
574201
474264
402763
784723
135243
342534
98612
305602
933707
58183
420470
958709
690495
87631
667563
188145
914181
541247
951604
550434
538685
52350
300974
838760
393567
948153
768173
974421
455674
37065
732307
29876
511329
135071
814599
646572
477605
913212
952175
411313
971395
372645
370023
661890
460276
37586
850036
374458
578833
801640
924892
117518
853991
225867
956279
247559
174020
724452
221980
629695
761518
954287
659571
272848
89359
474171
919421
566964
387383
871596
978278
358778
244242
348301
20669
704519
385887
870706
78977
964721
672346
3870
82240
526338
229737
38519
773897
403757
762972
995878
33453
524490
950166
693024
797338
39525
167196
716759
606489
554579
588356
584768
913358
832598
933069
934027
537117
318956
804733
616095
283678
477080
619965
365918
3419
849703
404437
777317
253461
167410
773195
286914
691900
723361
979939
489239
762886
147135
205999
369376
701715
794356
954144
615073
626954
887214
549101
164072
206171
353835
780168
489849
830916
400134
855767
834335
249838
260205
611652
503299
427615
384848
790214
119516
108209
770153
608756
871096
917289
814755
240473
619004
609112
194618
234078
236066
81832
783179
400139
288003
137015
180308
777852
967931
580442
633620
802267
830280
893825
413919
333580
321441
798768
123794
440957
906978
893948
49713
778075
811238
864469
18548
430242
473581
213167
664320
709648
294999
447500
109788
583003
584515
290096
360856
552446
870539
994477
354713
700820
888302
768633
34401
209744
567402
158196
650702
474380
52144
700416
252455
863382
564885
271003
293625
38467
484171
957946
748116
779170
405446
857905
362174
989962
148002
723030
542409
18542
717508
897123
719362
605810
665756
753764
815555
233158
911960
466257
707539
964105
166673
959994
827488
731559
230998
121113
770027
715169
79060
518143
494340
484506
376049
856514
474469
524051
579545
16878
542593
297053
914001
261956
902864
579758
15720
718419
812917
927680
184677
520456
891786
351350
480451
719274
82910
711449
840388
852937
426618
919448
371081
920959
403955
747130
777473
878424
271182
357019
895303
813775
654073
809304
75731
556937
389063
91451
275357
201981
19132
460034
722438
910918
811385
202889
630193
894296
914338
470581
747234
340957
390029
118316
261916
793984
865446
39390
672409
136629
396409
567712
950404
50483
377017
26135
607420
766080
117587
882778
968062
136719
342813
690500
47638
154199
893389
677832
48495
807728
148413
795730
148685
538443
914046
410602
332428
779493
449992
4838
916122
846402
572550
866526
896886
949567
892662
504307
715648
10249
387085
683710
146969
729899
374211
194608
884098
267600
872440
932594
75328
20854
728324
224014
559298
642371
634616
891727
421864
84609
896565
337986
931012
469115
204513
827898
418683
97175
332205
134332
107425
719291
818043
254394
449190
192254
449002
333289
459855
321443
265884
535183
342298
994209
759198
901596
636580
393815
793323
58445
478424
689888
396431
409437
159004
600945
237336
577688
698121
569542
712020
805546
288833
530063
59940
738024
722318
508943
71314
182173
830387
337198
717357
172685
331407
476555
74282
967988
870370
867606
26433
348795
557495
422865
758233
716499
23810
995569
294188
721931
565112
6208
527478
853945
536272
587418
591970
258591
96362
663284
440764
926750
483
158121
99436
331890
634677
173718
299878
505048
41324
326312
853843
598820
749177
612077
315320
772987
607646
609508
494919
172758
615716
22397
26704
151989
609816
618675
410580
706179
281960
851345
632929
282443
9467
732365
614333
644144
906084
914212
149192
947409
240524
3036
546229
989702
615113
861549
762690
222760
471057
257609
395519
86774
280007
422224
238763
889824
40900
649344
596004
322860
500690
228933
605303
510157
961299
219637
154302
867383
133850
303495
814793
374375
306532
361022
364077
921645
222572
126767
144406
693629
384377
539926
780404
664384
962150
19167
554209
3050
668512
150213
325910
169202
379147
931214
679360
340446
150851
833662
207830
284701
137157
22624
659076
443690
383646
23153
365335
606218
149921
509742
299848
534298
49668
80252
198682
11819
99420
752892
14869
767932
903105
340780
937135
282252
271994
616495
622699
422846
450158
830530
707548
587316
853154
366625
31006
236800
389778
396342
843019
539700
906084
142867
73998
955753
223120
272681
967572
322540
25573
982442
90473
928678
323223
27609
210931
595217
644105
833631
18064
94263
664161
725612
681580
517315
92237
712586
754116
482016
108929
597136
21716
15014
740004
95715
970767
963124
368396
938340
285665
393969
920782
376139
322648
244005
403748
533579
839223
47853
367211
857287
142117
31372
582900
823697
548688
675138
536284
302805
157155
645213
899941
178872
660227
639946
274587
630995
603070
642983
569335
888736
36953
490117
264875
359601
734122
668623
893181
573346
716477
260392
430634
858594
291765
13535
682292
840453
688673
218576
143258
845829
863789
43200
24701
524017
683146
299289
155012
286217
942273
724347
174953
979226
214465
439828
338828
948588
108452
232009
521934
824930
492402
952569
683524
784167
966104
365816
624621
654778
584393
767880
500607
448183
811081
525309
972200
494227
824599
127213
780445
766872
851561
955399
746098
66026
395228
84926
14614
503680
316936
536549
328610
809338
489118
12135
593506
455222
377952
218128
110001
962345
986009
610608
410529
797090
135918
382730
291318
960517
509943
71763
727389
361504
27162
473488
427531
422390
558414
442145
926071
875351
978695
254682
684689
467813
266817
278196
923036
644770
496324
33037
607116
482334
643645
17645
279424
779564
400375
570742
740081
910319
642506
467471
271823
669669
940959
699355
92060
499374
141500
18132
374725
120195
272814
59415
588009
539632
337612
511045
184402
833937
544082
791519
316271
187728
809164
595695
967292
209539
166438
707374
119859
808945
174846
391682
478614
115806
91037
570674
615181
232538
588807
989906
352734
861621
49322
940743
401254
386934
451789
585657
220871
995871
377176
537143
183600
186340
132838
150893
395880
299277
858268
515739
108222
33114
907422
586836
148921
998460
157511
764102
230998
746318
754009
583733
607940
803331
524477
9194
190266
976267
594851
411138
972139
972027
948281
155739
158368
81120
306633
554248
380397
164901
69987
488620
198016
977410
75456
346937
975870
232968
111040
206869
979287
865049
790602
587228
668381
315080
596422
858648
291347
191274
269786
263486
163302
218068
419226
321670
299189
725859
875919
679587
890760
945906
168207
88776
923316
243664
435714
899187
476633
546754
106056
455920
411804
896659
43148
80185
211739
639571
938833
503087
830846
208620
766573
994148
426689
185799
315819
725878
911659
191738
405466
802419
137645
573673
891196
60962
817338
326911
960149
293971
873665
66205
749892
285469
962864
793041
365655
174603
432612
304489
677690
263459
513109
444264
257608
939798
630064
573427
665677
541723
765165
71143
344143
902810
644816
235339
963772
462155
562250
923922
756126
435916
990127
506018
721386
952991
299059
87041
127595
731672
391531
805286
995131
904640
249550
252739
844439
879615
826167
510116
421339
591332
581260
765482
494143
226077
822
457916
688232
563073
381838
444358
998989
371966
950376
720376
324957
249436
807418
452553
981108
198949
257839
976239
103590
507390
228979
948029
387005
55146
458146
808344
646479
39406
573827
140623
265483
574649
598540
953716
137722
980379
398074
136712
352345
348451
857088
677303
597887
664506
129856
578995
863456
387695
555235
967046
895085
784215
915075
282091
839361
373222
90436
485841
412628
664263
626464
678112
238912
225005
631828
376634
205384
29902
513346
557729
378354
370435
235032
976241
34942
364888
555237
898398
752584
110473
865445
647670
894688
780521
929761
734050
153743
20198
219891
566371
684461
846356
244484
923373
71361
876312
300008
276745
906215
813355
834475
284569
183790
69508
260811
218733
434397
816049
117131
186981
926522
982577
834651
821211
763098
764413
555261
916841
784611
775153
483213
469073
621510
727697
392446
692872
604009
692455
969618
510225
505810
804093
794794
689601
873601
55606
908334
307999
871655
25466
494980
798177
8043
329632
619388
771141
94046
174650
687982
878657
949804
171195
347730
571314
898892
740177
264186
502902
432632
233804
13127
938443
37898
807922
628044
911500
863529
536379
219499
735184
561845
714480
533362
569888
44112
152751
341029
138158
327401
29012
16816
277206
200208
364547
848520
99100
104725
112707
602003
537358
346512
615131
475801
384411
423054
103846
295911
286583
640225
515411
21767
202071
229891
555129
771959
274004
707881
112989
412163
35283
142002
428979
312489
342210
793527
161010
441311
898252
273718
43314
435610
620230
658445
911411
4642
81500
15258
300553
368083
655484
815965
389850
857555
45856
944980
629515
319861
652862
742504
732024
688145
884506
161003
634
226717
954531
161644
668028
852783
435363
711342
288393
55593
369788
199805
60235
451288
215064
360789
819372
870548
176755
209223
728103
222611
154204
357618
542473
807066
100123
274497
495211
984630
435501
495846
211347
390032
657491
879375
242815
92854
590718
531209
148447
960507
731015
208683
411796
946079
569473
231168
816627
746228
440391
544730
968840
594596
902349
511313
401662
2472
785810
896873
987103
221311
392719
198450
611344
50210
77826
854159
143065
668545
385369
291512
629053
116384
500196
40849
62463
69670
272018
879091
815898
712410
423822
784739
307006
326171
296053
708668
328644
81863
605542
315748
303175
998262
514198
914519
48473
592025
768679
191538
260571
154048
483051
889624
270433
983248
930474
332897
52918
202492
211988
868817
914902
635810
653556
221909
961982
949609
930578
290627
31473
536120
606375
334649
534383
120574
249169
582856
712599
17848
774395
973171
171897
257446
862795
442331
240694
793269
775228
293612
995762
987216
162430
910665
623027
815986
132574
585009
765596
63152
875636
797070
599273
482011
131719
133657
602585
380888
716513
315185
398737
490909
288356
570635
748355
151152
12966
989050
944421
788194
282662
940183
775411
445093
850849
398438
261079
983423
983447
26676
46576
859084
823746
645850
341096
955465
779507
943681
336354
496021
258867
735091
986930
547223
305726
735286
698375
318692
724336
642797
106887
6999
582981
882298
452092
433830
280736
713171
417254
264184
739848
463831
123268
563594
109682
464364
519060
889189
408046
855414
385211
666913
590505
372141
214137
896231
107427
912513
214924
831764
555311
321811
838763
138293
204109
290855
572124
484846
4026
989378
749031
743875
453210
872299
307469
562892
336664
826530
452082
744711
681944
837294
411625
272450
209435
625763
168682
316863
538276
383606
148627
93588
705418
987391
231881
909528
278246
804005
394374
282273
793384
143405
26148
246595
15705
333618
809487
352370
160148
261570
97082
842092
98864
508707
114543
308300
134470
283225
625164
672747
666832
773792
766336
372250
761183
998217
281778
39429
802223
676153
321702
595607
819558
347850
842203
835264
681469
651690
187634
841617
913261
284716
683710
12126
793424
798253
320426
927895
81478
945591
600642
748310
719384
366978
120561
480567
365196
402339
519997
167419
78492
841700
763027
898051
189551
605230
733315
871020
256921
920950
712637
170183
205667
396347
182309
999091
194600
502736
926987
276079
448328
527629
24389
167712
894608
144950
648279
259805
547290
168277
427225
625782
9977
190253
523834
199528
795483
257149
70548
52405
178100
783185
222588
383767
179533
404898
382859
374133
907635
309846
650213
355963
837476
674603
523675
732085
819554
171955
991890
366844
340232
419116
992627
350209
609369
516461
549737
404852
773611
620285
457258
951711
403471
679847
335479
583004
84746
718339
957138
992381
28185
607351
348344
865661
281955
872019
597747
101509
43974
589638
468353
384206
8754
460981
734416
618123
977443
284153
22976
751054
904439
480234
702766
307911
160082
38246
890915
244828
756585
848054
237209
784771
455406
585553
650432
737361
457573
248180
838870
501548
837818
307224
885755
846572
768205
620171
464695
745648
904324
487671
496703
808764
967906
199470
116675
127988
237716
7591
372817
994301
855645
610026
779072
311051
195580
429505
48413
653154
677686
887283
154702
515504
194507
40457
362077
962712
660629
826772
708361
564954
314444
205064
373718
282351
404534
490394
410339
642251
497985
783156
636553
353631
393183
415626
664683
588763
845132
713096
241918
522818
600379
396620
38323
794887
437078
400400
757600
97707
227173
465962
662661
541617
671026
36379
823968
75561
526774
234308
717813
24759
17465
354366
378390
410648
769993
43073
999412
615125
756170
241330
137944
356550
637951
176267
151437
75029
576667
909038
172737
803841
375000
835398
345458
46027
871778
169427
121589
398552
403736
839402
423312
421201
193769
801702
831849
963762
844776
831262
578887
600947
72592
716831
957497
710543
893099
108935
785573
469767
17973
958310
273608
392974
793709
619066
439001
665487
788494
560590
64040
192230
399992
487352
613431
593761
289055
445281
557523
133832
276543
136411
734779
349136
853243
692277
59680
746342
801212
845254
216109
819186
803564
489718
212160
597273
108784
651162
262761
897279
211752
326801
89510
611745
814154
702941
205507
103209
148223
763031
237042
424767
899442
971821
773903
752686
664098
833584
499028
465311
678838
715138
284498
482403
204856
496659
79677
313641
147821
342438
210921
359573
669240
300431
971319
483395
3373
176826
586604
151596
939857
823646
576364
839300
795468
350267
591986
459567
183852
91015
924879
862690
806154
209377
345094
11011
706036
424771
324653
853857
767210
535574
213431
436450
836005
184750
919846
839379
361577
506450
990975
301434
330097
567339
140735
125566
917607
732721
585133
101459
823737
510012
964150
629891
719390
309244
640903
425426
734015
965556
279284
501226
501130
492716
937677
337136
677466
857523
176515
39043
363974
167491
340478
694071
734831
481213
819638
652438
213935
404771
753898
37672
914784
718049
667564
634175
27294
308467
59602
761310
274023
338886
262536
775154
831602
200213
112291
509069
57736
288807
548113
421710
456298
888591
115782
191129
369805
935420
843568
583740
340192
597467
621412
254977
315517
288977
889152
342811
597444
948754
104122
871468
287641
366658
646623
119244
566872
758914
628314
624609
47721
176427
46320
504020
65019
162102
695150
434824
97523
538719
18565
437715
136186
639978
692693
451704
928955
581846
794516
526400
530601
898638
397869
818242
265297
44492
937487
832169
803407
565802
456779
851129
742229
503099
355149
807249
665201
50299
242074
762725
589018
260639
200441
725205
900618
893134
176910
829574
474980
971426
355974
5581
870065
753843
823824
135362
798336
761312
967532
