100
653202
657083
570104
602268
628430
342021
256083
845585
888883
128991
331983
781968
460741
843604
43909
500633
841867
496644
181609
151426
516235
760964
444773
308337
275130
305073
33461
948782
974420
458355
616616
627623
115439
186720
229891
743869
528742
485975
589454
417625
614967
921438
199594
75708
765042
243504
576342
606909
740149
757951
758336
256385
518916
203109
564722
794047
508183
598184
742829
482603
56540
359445
110227
171980
546165
340118
915849
74908
826093
505304
492533
441060
426742
692128
516769
191785
935633
93111
798694
675782
851063
557030
932167
369979
760140
496890
164026
268323
95075
906856
750927
151615
266301
861154
323595
812467
201272
239445
887375
27366
