1000
653202
657083
570104
602268
628430
342021
256083
845585
888883
128991
331983
781968
460741
843604
43909
500633
841867
496644
181609
151426
516235
760964
444773
308337
275130
305073
33461
948782
974420
458355
616616
627623
115439
186720
229891
743869
528742
485975
589454
417625
614967
921438
199594
75708
765042
243504
576342
606909
740149
757951
758336
256385
518916
203109
564722
794047
508183
598184
742829
482603
56540
359445
110227
171980
546165
340118
915849
74908
826093
505304
492533
441060
426742
692128
516769
191785
935633
93111
798694
675782
851063
557030
932167
369979
760140
496890
164026
268323
95075
906856
750927
151615
266301
861154
323595
812467
201272
239445
887375
27366
744749
379909
468427
171492
72038
985196
363278
7671
78307
161972
683454
929371
719003
615622
299350
479143
112512
463377
747466
207587
370234
498393
359203
636536
359547
682798
449003
560820
922243
336379
588187
666993
716288
56614
838486
788327
41811
201764
795999
120119
363737
479453
49490
82740
95075
348841
561883
207588
812219
309349
415176
182453
807743
774379
818989
167291
457178
267993
728112
379421
604372
316299
46415
320661
372914
884901
108989
414725
86666
904988
534845
450403
384441
584335
533143
479517
933177
95027
687105
745396
404376
102281
927850
212120
876661
746840
379411
333839
14833
107523
713261
619206
423823
759676
939868
796737
644578
48857
211463
731244
953845
746308
181647
338287
330644
714791
817804
263821
809818
504910
9217
214195
607192
937068
426316
483853
683908
805727
817693
698742
913251
530954
317948
337075
290630
257816
133812
935209
306674
345276
666453
260520
91584
848101
598807
422228
562893
416612
686049
372711
921522
695267
586907
528715
632335
13223
12568
316244
818951
830262
14986
732203
361216
332935
69278
651847
590752
203091
587056
897426
548367
253510
157946
639952
101611
756754
62181
664504
173366
748231
37216
94889
443498
624123
623604
75834
637347
636173
392079
456298
466436
407065
188501
827652
740000
257780
479500
330752
460872
66557
228179
9240
320067
386125
649192
421678
142880
711374
86183
316247
459605
123400
411136
903104
747523
34741
978938
384871
670915
371017
841169
137351
778083
29671
965004
518084
287452
444504
848837
748324
511061
77016
757564
831129
463142
406757
252808
606022
118131
338991
922269
577736
462391
333406
480841
209915
368148
459779
594786
39063
830797
435956
176414
608881
465627
141418
126965
753079
585923
975802
501404
96984
52819
258968
928113
515961
665726
180921
121984
783858
519913
44254
361594
982305
377661
842435
192220
745809
302215
787007
784872
133013
222963
961286
741894
688590
102705
868860
441670
688628
844663
943074
785613
897482
202043
713726
413444
867770
894648
535429
651628
414561
579683
13223
396867
957344
855659
589087
703153
157874
376094
488026
290888
599057
449312
32783
287648
552018
901643
729319
240646
746307
672394
26259
643789
874437
739986
57234
742208
634634
592663
393836
49196
172347
407059
446063
129691
262718
35151
832845
420593
411246
320871
711482
10304
770184
744265
297952
322203
645909
27272
562849
392216
699666
589109
36006
574104
329095
93241
316312
963730
685904
710149
12927
858252
117208
458991
987944
379927
494143
820789
800520
905389
141661
512003
915693
911846
256268
213646
234049
902178
240918
796898
294395
940585
386008
330401
514690
715103
423643
831002
678834
109548
541152
691762
967800
658360
150753
955744
38287
644896
776534
838808
550286
918195
350812
465979
830041
607080
679626
64090
509259
920545
860989
803654
861130
246998
134056
375821
962102
557699
206824
640936
667247
747976
332698
635048
406336
483452
590792
444624
128348
367326
283433
678634
285522
634245
144614
115563
241326
824240
179654
750586
744786
40644
554240
605916
287642
688296
981738
249744
245996
188562
890681
913244
936538
223380
548292
342875
706832
139085
787499
835181
506412
70933
513816
791934
705178
658430
907498
946505
482671
87153
697091
227457
127797
251332
833374
415440
939629
815112
665185
185625
3674
555867
98870
940213
779247
647163
283088
486079
786248
70587
321261
292660
141521
835077
84594
846700
493507
992092
793205
976179
79246
490297
203636
207043
741629
37011
622484
681258
852123
287670
866884
855798
843537
965755
796011
622784
612918
79099
108864
399167
149687
430125
691828
291208
265202
776423
137909
758710
768516
931114
734890
847762
421412
938526
54805
163041
975538
677290
844300
827661
964960
711185
683460
808497
676941
479472
431282
289860
558572
540147
689027
708260
970273
380855
999469
235476
157278
137378
994186
925794
68492
729076
773556
489905
667603
828362
652947
643141
505652
497247
470803
470613
208433
154264
279111
885375
633736
710393
175235
192308
250541
864262
900569
220814
245118
900038
456290
402397
37416
450477
328191
105908
179554
101748
595814
847157
930110
248761
490299
435763
746009
961103
906376
954442
115367
185487
839818
749104
895881
15053
941413
146422
879316
841982
367237
124434
742020
823527
526831
779436
274004
855023
885345
453558
956771
481159
300716
886882
729920
791016
322646
475929
752119
229022
430372
867486
414510
270190
616591
310392
285243
558004
456815
164560
399986
824052
288994
142006
647580
815826
921442
921584
670850
806787
375143
627621
287947
675860
514504
17867
466876
837150
493796
218995
66173
924169
86482
480684
194359
703073
791076
479603
261077
247892
644163
661063
71945
933158
803070
719525
748985
724512
641110
419835
531300
16253
47457
819247
692113
561961
837115
158989
399112
330912
377985
465285
255081
464468
945969
449440
167541
737046
929044
428619
984939
573208
89683
56884
506367
892753
776409
255352
617266
417519
675187
148566
433773
722645
967814
125887
284606
804929
284876
683719
135841
662862
149004
390923
127330
94974
840364
294871
832021
769408
723491
816960
342617
813174
873845
848984
705928
650255
104336
323194
67775
779524
471761
501548
502169
439576
627435
786776
244506
912312
470495
380348
575174
619500
771271
702505
714475
611635
997377
546496
381044
720868
363457
723661
534043
237303
572645
239971
887558
676982
563166
955333
456507
34927
456882
958677
474504
84317
745454
719010
996630
215950
99358
571805
835451
870630
274310
549926
482265
271687
96423
863310
992556
459881
586971
526599
697184
159617
766571
584742
836600
329737
540075
293108
364665
996958
251785
839169
81275
997240
558180
77906
213190
657539
649711
48641
528169
924021
598567
10435
195709
694991
873745
188265
154872
460716
714865
852056
620334
481436
436798
456934
811174
976874
750043
175839
973832
1828
15009
55108
999068
573190
133014
212259
230729
782725
260900
758898
706747
859468
769333
902456
554459
643079
90722
709332
103795
805587
561388
724130
287024
998187
181065
98198
975062
931108
274038
948895
932937
289048
4003
932005
862238
137018
144265
92967
919744
405166
851866
626491
264634
621200
528948
819094
264279
619670
528427
368075
425258
89815
92206
712282
88003
273271
810481
63065
204379
84519
11960
137316
373567
15964
69322
